2 966
2 104
5 1509
6 1192
7 1510
12 234
15 652
15 883
15 1511
15 1512
15 1239
16 301
16 509
18 1185
20 1441
20 1185
26 1179
26 60
27 1513
27 74
27 1514
29 965
29 298
29 1106
29 1398
29 436
29 892
29 1061
29 1350
29 989
29 1435
29 403
29 546
29 1159
29 1147
29 509
29 969
29 129
29 1481
29 568
29 716
29 188
29 628
35 1377
35 637
36 320
36 1229
1515 1333
38 483
38 1516
38 272
38 795
1517 947
47 1033
47 1518
51 1406
1519 1520
1521 1075
57 239
58 965
60 26
60 733
60 775
60 1522
60 1523
61 182
61 263
63 1524
63 1174
63 409
63 1274
1525 1327
1525 552
66 1147
74 27
78 1526
78 291
79 1153
79 739
79 1072
79 1249
79 188
79 315
79 426
79 355
79 863
79 842
79 782
79 282
1527 94
80 509
80 683
80 1187
80 628
80 965
80 1528
83 208
85 1055
86 43
1529 271
88 862
89 129
89 403
89 509
89 1530
89 410
89 298
89 1287
89 628
90 109
1531 1532
94 1495
95 1252
95 1533
95 1292
95 1232
95 1021
95 96
96 95
99 188
99 712
103 1505
103 368
109 1415
109 499
110 1491
114 509
114 1344
116 738
116 553
120 509
120 628
1534 316
129 298
129 1160
129 1414
129 29
129 89
135 436
1532 80
1532 188
1532 241
1532 1481
1532 892
1535 417
1535 826
141 965
143 514
143 1207
1509 230
146 23
146 264
146 1355
149 343
154 1288
154 898
154 372
154 1331
154 361
154 433
154 806
1536 272
161 300
161 825
161 272
161 1298
162 1398
162 1034
163 1435
163 1537
164 1538
164 644
165 584
165 499
165 1415
165 752
165 361
165 516
165 433
165 1288
166 188
167 628
1539 425
168 1216
168 630
171 1540
173 1541
174 872
1542 1327
182 263
182 61
188 1479
188 221
188 495
188 1022
188 509
188 905
188 1420
188 716
188 591
188 312
188 965
188 166
188 1398
188 1504
188 99
188 1361
188 402
188 989
188 478
188 29
188 782
188 1350
188 1327
188 552
188 150
188 491
188 1106
188 397
188 79
188 628
188 1532
188 1137
188 1481
188 307
188 1435
188 436
191 1284
191 810
192 300
193 1157
196 448
199 1043
200 507
200 1543
201 1197
201 395
201 319
208 83
1544 969
210 6
213 1057
215 1200
215 1187
217 1242
220 825
221 188
221 1420
222 938
222 578
222 315
222 273
222 782
223 509
223 1147
223 489
223 1398
223 636
227 1208
227 448
227 1545
227 457
227 345
227 196
228 718
228 1168
231 873
231 1039
232 477
238 509
240 1187
240 777
240 918
240 489
240 546
240 683
241 1532
242 1435
242 1159
244 1078
244 1546
249 984
254 298
256 1505
256 103
256 554
256 857
1547 1299
1547 320
261 1342
261 188
261 1504
263 182
263 61
267 1518
267 509
268 1548
268 436
268 1417
269 962
269 927
269 125
272 1536
272 1111
272 1131
272 300
272 571
272 1541
272 1180
272 508
273 938
273 222
278 812
278 509
281 718
282 1249
282 79
282 628
282 355
282 315
282 6
282 1355
282 188
282 739
282 782
282 1549
282 1302
282 863
282 452
282 716
282 1192
284 1288
284 1174
285 702
285 938
285 739
285 1398
285 1481
291 78
297 509
298 129
298 436
298 965
298 1550
298 509
298 969
298 1551
298 1159
298 254
298 188
298 160
298 89
298 1147
298 29
298 410
298 1398
298 1355
300 272
300 1466
300 161
300 849
300 795
300 310
300 764
300 702
300 192
300 938
301 16
304 798
305 683
306 226
306 1212
307 905
307 188
307 1273
307 631
310 300
310 1192
312 782
312 999
312 402
312 188
312 1348
312 282
312 426
312 858
313 29
313 716
313 892
313 903
313 568
313 509
313 188
313 628
313 436
314 918
315 79
315 188
315 1549
315 355
315 1153
315 739
315 863
316 1534
317 969
317 509
317 857
319 764
319 1552
319 201
319 188
319 1059
319 1213
319 678
320 1299
320 1282
320 1229
320 36
322 1553
328 337
336 533
340 1033
341 509
345 1272
345 554
345 94
353 445
353 535
353 1056
353 537
1545 452
355 863
355 1014
355 1165
355 739
355 315
355 79
361 806
361 1331
361 1468
361 752
361 516
361 433
361 1288
361 165
361 1507
361 372
361 898
361 154
1549 1062
364 628
372 433
372 516
372 361
373 1482
378 1554
378 771
380 379
380 1041
380 339
387 1039
395 188
395 628
395 1355
396 1466
397 616
397 868
397 580
397 694
397 188
397 489
397 1368
397 509
397 1060
399 1299
1555 556
1553 322
402 858
402 782
402 938
402 188
402 764
402 989
402 716
402 312
403 595
403 897
406 436
406 478
407 623
410 89
410 578
411 169
417 1556
417 96
417 1535
420 433
420 578
420 134
420 282
420 315
420 542
420 782
422 1249
423 428
423 106
425 1539
425 1295
1557 447
426 79
426 716
426 1249
426 1153
426 863
426 739
427 1104
427 313
428 423
428 1196
428 1439
430 1334
432 628
433 1507
433 516
433 154
433 1558
433 636
433 769
433 1331
433 508
433 752
433 420
433 1388
433 1397
433 1415
433 499
433 1288
433 1018
433 861
433 361
433 1383
433 584
433 372
433 806
436 135
436 918
436 1416
436 716
436 29
436 478
436 509
436 188
436 725
436 546
436 628
436 160
436 1413
436 1398
436 268
436 406
441 508
445 535
445 353
445 537
445 1056
447 1557
448 196
452 1420
452 1182
452 628
452 1549
452 568
452 282
452 221
452 782
452 312
452 1559
452 791
452 1202
452 1479
452 1137
452 1560
457 294
463 698
464 1065
467 164
467 1158
468 170
472 509
477 232
477 577
478 546
478 918
478 436
478 1416
478 406
481 676
481 1212
483 38
484 702
485 633
485 1271
485 1561
485 1562
485 1225
485 1563
485 873
485 1019
485 1564
485 1565
485 702
485 392
488 764
489 240
489 223
489 1187
489 397
489 509
489 931
489 1566
489 546
489 777
490 1102
490 883
490 265
490 1140
490 1493
491 395
493 1040
496 1187
499 1018
499 584
499 177
499 516
499 1415
499 433
499 165
502 1187
503 327
506 739
508 938
508 433
508 1065
508 1407
508 272
508 441
509 188
509 1567
509 617
509 278
509 1033
509 1427
509 489
509 114
509 89
509 1220
509 694
509 1147
509 618
509 574
509 965
509 931
509 80
509 1289
509 1078
509 297
509 223
509 1481
509 1276
509 1060
509 120
509 317
509 1463
509 1157
509 313
509 892
509 1206
509 1388
509 238
509 1336
509 1187
509 616
509 956
509 628
509 436
509 394
509 334
509 29
509 341
509 1508
509 658
509 1149
509 986
509 472
509 1398
509 546
509 298
509 1392
509 1128
509 397
509 1104
509 1368
509 580
509 267
509 1568
510 1569
514 143
514 1207
516 372
516 165
516 1018
516 433
516 1415
516 499
521 598
524 1212
524 1360
528 671
528 957
528 1398
532 1570
533 336
534 1571
534 167
535 537
535 1056
535 353
535 445
537 1056
537 353
537 535
537 445
539 502
1560 452
543 1572
543 1573
544 838
546 509
546 1202
546 965
546 1187
546 653
546 29
546 683
546 969
546 403
546 188
546 240
546 1147
546 478
546 489
546 436
546 223
546 918
546 628
546 716
546 777
546 123
546 931
546 1398
550 892
552 1525
552 1327
552 188
552 1574
553 116
556 319
556 1555
561 1575
562 1212
564 706
564 480
564 1576
564 62
564 810
564 1003
568 29
568 313
568 319
568 221
568 188
568 1420
568 452
574 509
574 1577
578 938
578 315
578 410
578 134
581 1104
584 165
584 1415
584 1018
584 433
584 499
1578 1034
1578 272
1578 1398
1578 825
591 188
593 1330
593 1166
593 1223
605 618
605 1149
605 1217
605 1205
606 1024
612 909
616 694
616 509
616 1434
616 397
616 617
617 509
617 616
618 1149
618 837
618 1205
618 605
618 640
618 509
618 1125
618 1217
619 114
620 938
1579 1580
623 776
624 942
628 1147
628 683
628 6
628 362
628 364
628 452
628 999
628 716
628 1423
628 89
628 120
628 1192
628 436
628 167
628 428
628 188
628 432
628 617
628 670
628 1159
628 509
628 1398
629 1159
629 628
629 428
629 1355
629 362
631 307
632 737
632 1304
632 1581
632 1428
634 1481
636 223
636 1398
636 123
637 35
640 1205
640 1217
640 618
640 1149
640 605
644 164
645 1103
648 911
649 776
655 1301
655 93
659 272
659 312
1582 1242
1582 1514
1582 986
661 1354
661 1344
665 1569
666 546
666 812
670 628
670 702
670 546
670 804
671 528
672 1272
672 1360
1583 1109
676 1212
679 1441
683 80
683 240
683 546
683 305
684 1269
685 393
694 616
695 1019
698 1201
698 463
702 782
702 300
702 484
702 938
711 716
712 99
716 1398
716 1159
716 436
716 312
716 1147
716 188
716 1481
716 509
716 402
716 1350
716 1504
716 711
716 426
716 282
716 628
716 1348
716 989
716 29
718 228
718 1168
721 1294
725 580
725 711
725 478
725 1416
725 436
725 616
725 406
725 215
728 298
1584 548
733 1456
733 1585
735 1015
735 928
1520 1519
738 553
738 116
739 79
739 863
739 1249
739 315
739 506
739 1153
739 282
739 426
739 355
741 680
743 1586
748 1040
748 337
752 806
752 1507
752 1018
752 433
752 1587
752 177
759 1208
759 307
762 1202
764 488
764 938
764 402
764 858
764 300
1588 262
769 433
769 361
771 378
772 210
773 905
773 272
773 1041
774 684
774 1269
776 649
776 1457
777 1187
781 1542
782 858
782 634
782 355
782 315
782 863
782 1348
782 312
782 6
782 188
782 764
782 79
782 938
782 134
782 402
782 1192
782 509
782 999
788 1589
790 448
790 909
791 1137
791 1041
795 300
798 563
798 304
804 702
804 739
805 929
806 1587
806 1076
806 154
806 752
806 1507
807 1347
807 906
808 629
810 191
812 825
812 1204
812 666
812 278
813 867
814 319
821 1539
824 61
824 1000
824 1201
824 13
824 702
1537 163
825 188
825 812
825 1064
825 161
825 272
825 1033
826 96
828 720
830 1168
1564 196
1564 485
837 618
838 544
842 215
842 1034
842 653
842 546
842 945
842 79
842 1125
842 618
843 1541
843 84
843 1590
847 865
847 1591
847 989
849 300
849 402
853 319
853 315
853 764
853 782
853 938
857 256
857 605
857 1149
857 1369
857 473
859 1088
862 489
862 88
862 1307
863 79
863 782
863 355
863 426
863 282
863 739
867 813
867 628
873 1062
883 1033
883 849
892 509
892 969
892 1532
892 188
892 1147
892 1159
892 550
892 1398
892 313
892 436
892 745
892 1016
892 965
892 1481
892 29
892 321
897 403
897 595
898 433
898 1288
898 752
898 361
898 1507
898 806
898 154
900 458
905 188
905 1273
906 1592
906 999
906 1593
911 648
911 949
914 1183
915 1594
918 478
918 436
918 240
918 123
918 546
918 223
918 965
1595 1223
926 1565
1567 509
928 1015
1541 272
929 805
931 489
931 1187
931 509
938 853
938 300
938 1033
938 402
938 508
938 702
938 578
938 273
938 1160
938 764
938 999
938 1508
938 782
938 858
941 1162
942 755
942 961
942 624
947 985
948 147
949 648
949 911
956 803
956 562
956 509
957 1398
961 942
961 624
963 535
1558 516
1558 372
1558 433
965 975
965 141
965 1311
965 58
965 1596
965 1597
965 29
965 509
965 918
965 298
965 919
965 221
965 892
965 546
965 1398
965 1147
965 188
965 80
965 1187
966 1567
966 2
969 628
969 1147
969 1598
969 29
969 188
969 1159
969 298
969 1398
969 509
969 436
969 892
969 1187
969 546
969 965
969 716
969 1544
969 1435
970 234
974 1174
975 965
978 977
978 92
978 732
978 1556
978 29
978 1599
979 1168
983 830
983 1074
983 1168
983 228
983 147
984 249
986 509
989 716
989 1591
989 312
989 402
989 188
989 858
989 865
992 1149
999 312
999 1600
999 188
999 1348
999 628
1000 623
1000 1551
1001 682
1002 298
1002 898
1002 683
1002 80
1013 1371
1014 580
1014 1417
1014 503
1014 355
1014 1556
1014 509
1014 416
1014 1533
1014 1601
1014 658
1014 702
1015 928
1015 42
1016 892
1017 94
1018 516
1018 584
1018 499
1018 752
1018 433
1018 1415
1019 1232
1019 695
1019 485
1020 71
1020 100
1021 95
1021 1602
1022 188
1024 606
1024 1228
1033 1518
1033 764
1033 938
1034 1578
1034 162
1034 842
1039 231
1039 873
1039 1437
1039 387
1040 493
1041 1418
1041 1481
1041 1603
1042 1149
1042 605
1043 1536
1043 199
1048 195
1048 395
1056 353
1056 535
1056 537
1056 445
1057 607
1060 509
1061 29
1062 1549
1062 1495
1064 825
1065 464
1065 764
1065 1178
1065 319
1065 508
1065 315
1072 1249
1072 79
1074 983
1076 806
1078 509
1078 1114
1080 1154
1081 476
1088 859
1088 285
1094 274
1094 1459
1094 1604
1094 696
1094 1500
1094 1605
1094 253
1094 741
1094 1565
1094 857
1094 159
1094 329
1094 295
1094 703
1094 32
1094 1344
1101 1091
1101 707
1103 645
1104 509
1104 581
1104 1606
1104 628
1104 313
1513 1607
1513 27
1106 188
1106 29
1109 1608
1109 1545
1109 1583
1109 1609
1111 272
1112 825
1117 1610
1123 638
1125 1205
1125 618
1125 640
1125 1149
1128 509
1131 272
1611 1612
1135 1235
1137 188
1137 452
1137 1560
1137 1479
1606 1104
1140 224
1140 490
1142 1205
1142 718
1142 741
1142 1500
1577 574
1147 546
1147 969
1147 628
1147 403
1147 1159
1147 188
1147 298
1147 312
1147 29
1147 965
1147 509
1147 716
1147 66
1147 1398
1147 1481
1147 223
1147 362
1147 80
1147 1488
1147 892
1149 705
1149 640
1149 1205
1149 849
1149 254
1149 1042
1149 618
1149 1217
1149 605
1149 739
1149 1125
1149 876
1149 382
1149 473
1149 837
1149 471
1149 509
1153 739
1153 1249
1153 315
1153 332
1153 426
1153 79
1154 1080
1154 1061
1157 323
1157 509
1157 1194
1157 1338
1157 193
1159 1147
1159 969
1159 242
1159 298
1159 1444
1159 29
1159 628
1160 938
1160 782
1160 312
1162 1223
1162 1330
1165 1348
1165 355
1165 188
1165 1249
1168 979
1168 228
1168 830
1168 718
1171 1170
1173 91
1173 877
1173 1333
1174 63
1176 1398
1176 1613
1178 1357
1178 1065
1178 428
1178 1132
1178 484
1178 877
1179 26
1180 272
1607 1513
1183 914
1185 1614
1185 20
1185 18
1187 496
1187 240
1187 215
1187 509
1187 777
1187 294
1187 123
1187 502
1187 628
1187 931
1187 1200
1187 348
1187 80
1187 965
1187 1615
1187 546
1187 489
1187 223
1187 1398
1191 1327
1192 6
1192 938
1195 1169
1195 151
1196 986
1196 883
1196 428
1196 448
1196 509
1197 201
1199 754
1200 1187
1200 215
1200 240
1201 1193
1202 1357
1202 403
1202 1600
1202 221
1202 112
1202 1528
1202 1420
1202 762
1202 546
1202 452
1202 628
1202 1167
1202 1423
1204 812
1205 1217
1205 1149
1206 509
1207 514
1208 227
1208 759
1212 481
1212 562
1212 226
1212 524
1212 1360
1212 676
1212 1248
1214 1560
1217 618
1217 1205
1220 509
1220 29
1220 626
1220 1335
1223 593
1223 1330
1223 1166
1223 1162
1223 1243
1223 1595
1616 1016
1226 147
1228 1024
1228 606
1617 511
1229 320
1229 1348
1232 1335
1232 1505
1232 95
1232 1019
1233 1618
1538 164
1243 1223
1244 115
1249 1072
1249 79
1249 791
1249 282
1249 362
1249 1153
1249 739
1249 426
1249 428
1249 422
1249 315
1249 1165
1252 95
1252 1089
1255 999
1255 1147
1591 989
1619 147
1262 1360
1269 175
1269 684
1269 1620
1269 774
1272 345
1273 905
1275 532
1621 1622
1276 883
1276 509
1276 1203
1278 1623
1278 832
1278 241
1278 986
1278 1624
1278 1344
1278 1625
1278 114
1278 1505
1278 1531
1281 272
1281 1541
1282 320
1288 806
1288 154
1288 361
1288 433
1288 1331
1288 284
1288 898
1288 1507
1288 165
1288 372
1288 516
1288 1468
1289 320
1289 509
1289 628
1292 324
1292 95
1295 425
1298 1500
1298 161
1298 489
1299 1626
1299 399
1301 93
1306 1186
1306 1500
1307 626
1321 147
1325 1355
1327 188
1327 1191
1327 552
1327 1525
1329 724
1329 1545
1329 1360
1329 1627
1330 1223
1331 1288
1331 1018
1331 154
1331 433
1332 995
1333 29
1333 616
1333 877
1333 845
1333 1515
1333 1079
1333 509
1333 1168
1333 681
1333 1208
1333 91
1334 430
1336 1032
1336 509
1336 946
1338 1157
1342 1366
1342 1504
1342 1628
1342 261
1628 1342
1344 114
1346 1406
1348 716
1348 999
1348 312
1350 188
1355 1325
1355 395
1355 629
1355 146
1357 1398
1359 1387
1359 873
1360 1329
1360 524
1360 1212
1361 591
1361 188
1362 1624
1366 1504
1366 1342
1369 857
1371 1013
1371 319
1371 222
1379 1629
1379 1377
1379 35
1598 969
1387 825
1388 433
1388 509
1392 1336
1392 509
1395 302
1398 1176
1398 188
1398 1578
1398 1357
1398 716
1398 636
1398 1147
1398 546
1398 509
1398 528
1398 965
1398 29
1398 223
1398 957
1398 1481
1398 1432
1398 436
1398 160
1398 1187
1398 628
1398 298
1400 1630
1400 1631
1402 740
1402 578
1402 464
1403 1411
1632 1412
1406 51
1406 1346
1406 4
1406 509
1407 441
1407 508
1410 1411
1411 1403
1412 1075
1412 1632
1413 436
1413 683
1415 109
1415 584
1415 499
1415 516
1415 433
1415 1018
1415 165
1416 478
1416 436
1417 1466
1418 1041
1420 1202
1420 568
1420 221
1420 452
1422 1373
1424 1016
1424 1242
1424 1272
1427 509
1432 1398
1433 1633
1435 242
1435 29
1435 969
1435 1566
1435 188
1543 200
1437 1039
1620 1269
1439 428
1634 1101
1634 707
1634 1091
1443 433
1444 1159
1452 1635
1454 1636
1637 854
1458 554
1458 663
1458 448
1459 1094
1463 509
1464 883
1466 1417
1466 396
1466 300
1466 938
1468 1507
1468 372
1468 1288
1469 979
1469 1492
1469 1498
1469 384
1473 1638
1474 1639
1475 1640
1641 285
1478 1641
1478 285
1479 792
1479 1137
1479 188
1479 1182
1480 1360
1481 634
1481 188
1481 1041
1481 1147
1481 29
1481 509
1481 716
1481 436
1488 1147
1491 110
1493 490
1494 1360
1494 1039
1494 1545
1494 524
1494 1570
1494 1642
1495 1062
1516 38
1516 645
1504 261
1504 716
1504 188
1504 1342
1504 221
1504 166
1507 372
1507 752
1507 1468
1507 1288
1507 433
1507 806
1507 361
1508 1187
1508 509
1508 938
0 0
1 1
2 2
3 3
4 4
5 5
6 6
7 7
8 8
9 9
10 10
11 11
12 12
13 13
14 14
15 15
16 16
17 17
18 18
19 19
20 20
21 21
22 22
23 23
24 24
25 25
26 26
27 27
28 28
29 29
30 30
31 31
32 32
33 33
34 34
35 35
36 36
37 37
38 38
39 39
40 40
41 41
42 42
43 43
44 44
45 45
46 46
47 47
48 48
49 49
50 50
51 51
52 52
53 53
54 54
55 55
56 56
57 57
58 58
59 59
60 60
61 61
62 62
63 63
64 64
65 65
66 66
67 67
68 68
69 69
70 70
71 71
72 72
73 73
74 74
75 75
76 76
77 77
78 78
79 79
80 80
81 81
82 82
83 83
84 84
85 85
86 86
87 87
88 88
89 89
90 90
91 91
92 92
93 93
94 94
95 95
96 96
97 97
98 98
99 99
100 100
101 101
102 102
103 103
104 104
105 105
106 106
107 107
108 108
109 109
110 110
111 111
112 112
113 113
114 114
115 115
116 116
117 117
118 118
119 119
120 120
121 121
122 122
123 123
124 124
125 125
126 126
127 127
128 128
129 129
130 130
131 131
132 132
133 133
134 134
135 135
136 136
137 137
138 138
139 139
140 140
141 141
142 142
143 143
144 144
145 145
146 146
147 147
148 148
149 149
150 150
151 151
152 152
153 153
154 154
155 155
156 156
157 157
158 158
159 159
160 160
161 161
162 162
163 163
164 164
165 165
166 166
167 167
168 168
169 169
170 170
171 171
172 172
173 173
174 174
175 175
176 176
177 177
178 178
179 179
180 180
181 181
182 182
183 183
184 184
185 185
186 186
187 187
188 188
189 189
190 190
191 191
192 192
193 193
194 194
195 195
196 196
197 197
198 198
199 199
200 200
201 201
202 202
203 203
204 204
205 205
206 206
207 207
208 208
209 209
210 210
211 211
212 212
213 213
214 214
215 215
216 216
217 217
218 218
219 219
220 220
221 221
222 222
223 223
224 224
225 225
226 226
227 227
228 228
229 229
230 230
231 231
232 232
233 233
234 234
235 235
236 236
237 237
238 238
239 239
240 240
241 241
242 242
243 243
244 244
245 245
246 246
247 247
248 248
249 249
250 250
251 251
252 252
253 253
254 254
255 255
256 256
257 257
258 258
259 259
260 260
261 261
262 262
263 263
264 264
265 265
266 266
267 267
268 268
269 269
270 270
271 271
272 272
273 273
274 274
275 275
276 276
277 277
278 278
279 279
280 280
281 281
282 282
283 283
284 284
285 285
286 286
287 287
288 288
289 289
290 290
291 291
292 292
293 293
294 294
295 295
296 296
297 297
298 298
299 299
300 300
301 301
302 302
303 303
304 304
305 305
306 306
307 307
308 308
309 309
310 310
311 311
312 312
313 313
314 314
315 315
316 316
317 317
318 318
319 319
320 320
321 321
322 322
323 323
324 324
325 325
326 326
327 327
328 328
329 329
330 330
331 331
332 332
333 333
334 334
335 335
336 336
337 337
338 338
339 339
340 340
341 341
342 342
343 343
344 344
345 345
346 346
347 347
348 348
349 349
350 350
351 351
352 352
353 353
354 354
355 355
356 356
357 357
358 358
359 359
360 360
361 361
362 362
363 363
364 364
365 365
366 366
367 367
368 368
369 369
370 370
371 371
372 372
373 373
374 374
375 375
376 376
377 377
378 378
379 379
380 380
381 381
382 382
383 383
384 384
385 385
386 386
387 387
388 388
389 389
390 390
391 391
392 392
393 393
394 394
395 395
396 396
397 397
398 398
399 399
400 400
401 401
402 402
403 403
404 404
405 405
406 406
407 407
408 408
409 409
410 410
411 411
412 412
413 413
414 414
415 415
416 416
417 417
418 418
419 419
420 420
421 421
422 422
423 423
424 424
425 425
426 426
427 427
428 428
429 429
430 430
431 431
432 432
433 433
434 434
435 435
436 436
437 437
438 438
439 439
440 440
441 441
442 442
443 443
444 444
445 445
446 446
447 447
448 448
449 449
450 450
451 451
452 452
453 453
454 454
455 455
456 456
457 457
458 458
459 459
460 460
461 461
462 462
463 463
464 464
465 465
466 466
467 467
468 468
469 469
470 470
471 471
472 472
473 473
474 474
475 475
476 476
477 477
478 478
479 479
480 480
481 481
482 482
483 483
484 484
485 485
486 486
487 487
488 488
489 489
490 490
491 491
492 492
493 493
494 494
495 495
496 496
497 497
498 498
499 499
500 500
501 501
502 502
503 503
504 504
505 505
506 506
507 507
508 508
509 509
510 510
511 511
512 512
513 513
514 514
515 515
516 516
517 517
518 518
519 519
520 520
521 521
522 522
523 523
524 524
525 525
526 526
527 527
528 528
529 529
530 530
531 531
532 532
533 533
534 534
535 535
536 536
537 537
538 538
539 539
540 540
541 541
542 542
543 543
544 544
545 545
546 546
547 547
548 548
549 549
550 550
551 551
552 552
553 553
554 554
555 555
556 556
557 557
558 558
559 559
560 560
561 561
562 562
563 563
564 564
565 565
566 566
567 567
568 568
569 569
570 570
571 571
572 572
573 573
574 574
575 575
576 576
577 577
578 578
579 579
580 580
581 581
582 582
583 583
584 584
585 585
586 586
587 587
588 588
589 589
590 590
591 591
592 592
593 593
594 594
595 595
596 596
597 597
598 598
599 599
600 600
601 601
602 602
603 603
604 604
605 605
606 606
607 607
608 608
609 609
610 610
611 611
612 612
613 613
614 614
615 615
616 616
617 617
618 618
619 619
620 620
621 621
622 622
623 623
624 624
625 625
626 626
627 627
628 628
629 629
630 630
631 631
632 632
633 633
634 634
635 635
636 636
637 637
638 638
639 639
640 640
641 641
642 642
643 643
644 644
645 645
646 646
647 647
648 648
649 649
650 650
651 651
652 652
653 653
654 654
655 655
656 656
657 657
658 658
659 659
660 660
661 661
662 662
663 663
664 664
665 665
666 666
667 667
668 668
669 669
670 670
671 671
672 672
673 673
674 674
675 675
676 676
677 677
678 678
679 679
680 680
681 681
682 682
683 683
684 684
685 685
686 686
687 687
688 688
689 689
690 690
691 691
692 692
693 693
694 694
695 695
696 696
697 697
698 698
699 699
700 700
701 701
702 702
703 703
704 704
705 705
706 706
707 707
708 708
709 709
710 710
711 711
712 712
713 713
714 714
715 715
716 716
717 717
718 718
719 719
720 720
721 721
722 722
723 723
724 724
725 725
726 726
727 727
728 728
729 729
730 730
731 731
732 732
733 733
734 734
735 735
736 736
737 737
738 738
739 739
740 740
741 741
742 742
743 743
744 744
745 745
746 746
747 747
748 748
749 749
750 750
751 751
752 752
753 753
754 754
755 755
756 756
757 757
758 758
759 759
760 760
761 761
762 762
763 763
764 764
765 765
766 766
767 767
768 768
769 769
770 770
771 771
772 772
773 773
774 774
775 775
776 776
777 777
778 778
779 779
780 780
781 781
782 782
783 783
784 784
785 785
786 786
787 787
788 788
789 789
790 790
791 791
792 792
793 793
794 794
795 795
796 796
797 797
798 798
799 799
800 800
801 801
802 802
803 803
804 804
805 805
806 806
807 807
808 808
809 809
810 810
811 811
812 812
813 813
814 814
815 815
816 816
817 817
818 818
819 819
820 820
821 821
822 822
823 823
824 824
825 825
826 826
827 827
828 828
829 829
830 830
831 831
832 832
833 833
834 834
835 835
836 836
837 837
838 838
839 839
840 840
841 841
842 842
843 843
844 844
845 845
846 846
847 847
848 848
849 849
850 850
851 851
852 852
853 853
854 854
855 855
856 856
857 857
858 858
859 859
860 860
861 861
862 862
863 863
864 864
865 865
866 866
867 867
868 868
869 869
870 870
871 871
872 872
873 873
874 874
875 875
876 876
877 877
878 878
879 879
880 880
881 881
882 882
883 883
884 884
885 885
886 886
887 887
888 888
889 889
890 890
891 891
892 892
893 893
894 894
895 895
896 896
897 897
898 898
899 899
900 900
901 901
902 902
903 903
904 904
905 905
906 906
907 907
908 908
909 909
910 910
911 911
912 912
913 913
914 914
915 915
916 916
917 917
918 918
919 919
920 920
921 921
922 922
923 923
924 924
925 925
926 926
927 927
928 928
929 929
930 930
931 931
932 932
933 933
934 934
935 935
936 936
937 937
938 938
939 939
940 940
941 941
942 942
943 943
944 944
945 945
946 946
947 947
948 948
949 949
950 950
951 951
952 952
953 953
954 954
955 955
956 956
957 957
958 958
959 959
960 960
961 961
962 962
963 963
964 964
965 965
966 966
967 967
968 968
969 969
970 970
971 971
972 972
973 973
974 974
975 975
976 976
977 977
978 978
979 979
980 980
981 981
982 982
983 983
984 984
985 985
986 986
987 987
988 988
989 989
990 990
991 991
992 992
993 993
994 994
995 995
996 996
997 997
998 998
999 999
1000 1000
1001 1001
1002 1002
1003 1003
1004 1004
1005 1005
1006 1006
1007 1007
1008 1008
1009 1009
1010 1010
1011 1011
1012 1012
1013 1013
1014 1014
1015 1015
1016 1016
1017 1017
1018 1018
1019 1019
1020 1020
1021 1021
1022 1022
1023 1023
1024 1024
1025 1025
1026 1026
1027 1027
1028 1028
1029 1029
1030 1030
1031 1031
1032 1032
1033 1033
1034 1034
1035 1035
1036 1036
1037 1037
1038 1038
1039 1039
1040 1040
1041 1041
1042 1042
1043 1043
1044 1044
1045 1045
1046 1046
1047 1047
1048 1048
1049 1049
1050 1050
1051 1051
1052 1052
1053 1053
1054 1054
1055 1055
1056 1056
1057 1057
1058 1058
1059 1059
1060 1060
1061 1061
1062 1062
1063 1063
1064 1064
1065 1065
1066 1066
1067 1067
1068 1068
1069 1069
1070 1070
1071 1071
1072 1072
1073 1073
1074 1074
1075 1075
1076 1076
1077 1077
1078 1078
1079 1079
1080 1080
1081 1081
1082 1082
1083 1083
1084 1084
1085 1085
1086 1086
1087 1087
1088 1088
1089 1089
1090 1090
1091 1091
1092 1092
1093 1093
1094 1094
1095 1095
1096 1096
1097 1097
1098 1098
1099 1099
1100 1100
1101 1101
1102 1102
1103 1103
1104 1104
1105 1105
1106 1106
1107 1107
1108 1108
1109 1109
1110 1110
1111 1111
1112 1112
1113 1113
1114 1114
1115 1115
1116 1116
1117 1117
1118 1118
1119 1119
1120 1120
1121 1121
1122 1122
1123 1123
1124 1124
1125 1125
1126 1126
1127 1127
1128 1128
1129 1129
1130 1130
1131 1131
1132 1132
1133 1133
1134 1134
1135 1135
1136 1136
1137 1137
1138 1138
1139 1139
1140 1140
1141 1141
1142 1142
1143 1143
1144 1144
1145 1145
1146 1146
1147 1147
1148 1148
1149 1149
1150 1150
1151 1151
1152 1152
1153 1153
1154 1154
1155 1155
1156 1156
1157 1157
1158 1158
1159 1159
1160 1160
1161 1161
1162 1162
1163 1163
1164 1164
1165 1165
1166 1166
1167 1167
1168 1168
1169 1169
1170 1170
1171 1171
1172 1172
1173 1173
1174 1174
1175 1175
1176 1176
1177 1177
1178 1178
1179 1179
1180 1180
1181 1181
1182 1182
1183 1183
1184 1184
1185 1185
1186 1186
1187 1187
1188 1188
1189 1189
1190 1190
1191 1191
1192 1192
1193 1193
1194 1194
1195 1195
1196 1196
1197 1197
1198 1198
1199 1199
1200 1200
1201 1201
1202 1202
1203 1203
1204 1204
1205 1205
1206 1206
1207 1207
1208 1208
1209 1209
1210 1210
1211 1211
1212 1212
1213 1213
1214 1214
1215 1215
1216 1216
1217 1217
1218 1218
1219 1219
1220 1220
1221 1221
1222 1222
1223 1223
1224 1224
1225 1225
1226 1226
1227 1227
1228 1228
1229 1229
1230 1230
1231 1231
1232 1232
1233 1233
1234 1234
1235 1235
1236 1236
1237 1237
1238 1238
1239 1239
1240 1240
1241 1241
1242 1242
1243 1243
1244 1244
1245 1245
1246 1246
1247 1247
1248 1248
1249 1249
1250 1250
1251 1251
1252 1252
1253 1253
1254 1254
1255 1255
1256 1256
1257 1257
1258 1258
1259 1259
1260 1260
1261 1261
1262 1262
1263 1263
1264 1264
1265 1265
1266 1266
1267 1267
1268 1268
1269 1269
1270 1270
1271 1271
1272 1272
1273 1273
1274 1274
1275 1275
1276 1276
1277 1277
1278 1278
1279 1279
1280 1280
1281 1281
1282 1282
1283 1283
1284 1284
1285 1285
1286 1286
1287 1287
1288 1288
1289 1289
1290 1290
1291 1291
1292 1292
1293 1293
1294 1294
1295 1295
1296 1296
1297 1297
1298 1298
1299 1299
1300 1300
1301 1301
1302 1302
1303 1303
1304 1304
1305 1305
1306 1306
1307 1307
1308 1308
1309 1309
1310 1310
1311 1311
1312 1312
1313 1313
1314 1314
1315 1315
1316 1316
1317 1317
1318 1318
1319 1319
1320 1320
1321 1321
1322 1322
1323 1323
1324 1324
1325 1325
1326 1326
1327 1327
1328 1328
1329 1329
1330 1330
1331 1331
1332 1332
1333 1333
1334 1334
1335 1335
1336 1336
1337 1337
1338 1338
1339 1339
1340 1340
1341 1341
1342 1342
1343 1343
1344 1344
1345 1345
1346 1346
1347 1347
1348 1348
1349 1349
1350 1350
1351 1351
1352 1352
1353 1353
1354 1354
1355 1355
1356 1356
1357 1357
1358 1358
1359 1359
1360 1360
1361 1361
1362 1362
1363 1363
1364 1364
1365 1365
1366 1366
1367 1367
1368 1368
1369 1369
1370 1370
1371 1371
1372 1372
1373 1373
1374 1374
1375 1375
1376 1376
1377 1377
1378 1378
1379 1379
1380 1380
1381 1381
1382 1382
1383 1383
1384 1384
1385 1385
1386 1386
1387 1387
1388 1388
1389 1389
1390 1390
1391 1391
1392 1392
1393 1393
1394 1394
1395 1395
1396 1396
1397 1397
1398 1398
1399 1399
1400 1400
1401 1401
1402 1402
1403 1403
1404 1404
1405 1405
1406 1406
1407 1407
1408 1408
1409 1409
1410 1410
1411 1411
1412 1412
1413 1413
1414 1414
1415 1415
1416 1416
1417 1417
1418 1418
1419 1419
1420 1420
1421 1421
1422 1422
1423 1423
1424 1424
1425 1425
1426 1426
1427 1427
1428 1428
1429 1429
1430 1430
1431 1431
1432 1432
1433 1433
1434 1434
1435 1435
1436 1436
1437 1437
1438 1438
1439 1439
1440 1440
1441 1441
1442 1442
1443 1443
1444 1444
1445 1445
1446 1446
1447 1447
1448 1448
1449 1449
1450 1450
1451 1451
1452 1452
1453 1453
1454 1454
1455 1455
1456 1456
1457 1457
1458 1458
1459 1459
1460 1460
1461 1461
1462 1462
1463 1463
1464 1464
1465 1465
1466 1466
1467 1467
1468 1468
1469 1469
1470 1470
1471 1471
1472 1472
1473 1473
1474 1474
1475 1475
1476 1476
1477 1477
1478 1478
1479 1479
1480 1480
1481 1481
1482 1482
1483 1483
1484 1484
1485 1485
1486 1486
1487 1487
1488 1488
1489 1489
1490 1490
1491 1491
1492 1492
1493 1493
1494 1494
1495 1495
1496 1496
1497 1497
1498 1498
1499 1499
1500 1500
1501 1501
1502 1502
1503 1503
1504 1504
1505 1505
1506 1506
1507 1507
1508 1508